[1743166485011141911] 1
[1743166485011235203] 1
[1743166485014282100] 1
[1743166485014396851] 1
[1743166485014459643] 1
[1743166485015015231] 1
[1743166485015071273] 1
[1743166485065483349] 1
[1743166485065545308] 1
[1743166485065607725] 1
[1743166485065688100] 1
[1743166485065941810] 1
[1743166485065986519] 1
[1743166485066109978] 1
[1743166485066308313] 1
[1743166485066398980] 1
[1743166485066443939] 1
[1743166485066497773] 1
[1743166485066544190] 1
[1743166485066590940] 1
[1743166485066675191] 1
[1743166485066715066] 1
[1743166485110835055] 1
[1743166485110893388] 1
[1743166485113765034] 1
[1743166485113894202] 1
[1743166485113955411] 1
[1743166485114042995] 1
[1743166485114102495] 1
[1743166485114511706] 1
[1743166485114576123] 1
[1743166485114633166] 1
[1743166485114672458] 1
[1743166485114705499] 1
[1743166485114779042] 1
[1743166485114926876] 1
[1743166485148378578] 1
[1743166485151408725] 1
[1743166485151495643] 1
[1743166485155220628] 1
[1743166485155261795] 1
[1743166485155297171] 1
[1743166485155566506] 1
[1743166485155668007] 1
[1743166485155775257] 1
[1743166485155818633] 1
[1743166485155929092] 1
[1743166485155978509] 1
[1743166485186550023] 1
[1743166485186647733] 1
[1743166485190847721] 1
[1743166485190989639] 1
[1743166485191104265] 1
[1743166485191202724] 1
[1743166485191304391] 1
[1743166485191351183] 1
[1743166485191467393] 1
[1743166485191607435] 1
[1743166485191654186] 1
[1743166485191778103] 1
[1743166485201174213] 1
[1743166485201379173] 1
[1743166485211390996] 1
[1743166485214548728] 1
[1743166485214753521] 1
[1743166485214835771] 1
[1743166485214905397] 1
[1743166485215084190] 1
[1743166485215143024] 1
[1743166485215187941] 1
[1743166485215276400] 1
[1743166485218873718] 1
[1743166485218913718] 1
[1743166485219153886] 1
[1743166485219209720] 1
[1743166485219285387] 1
[1743166485219381388] 1
[1743166485219422847] 1
[1743166485219684223] 1
[1743166485219957892] 1
[1743166485469843631] 1
[1743166485470348843] 1
[1743166485470584053] 1
[1743166485470739513] 1
[1743166485470885514] 1
[1743166485471032848] 1
[1743166485471228017] 1
[1743166485471387726] 1
[1743166485471533769] 1
[1743166485471761270] 1
[1743166485929388192] 1
[1743166485929492526] 1
[1743166485929965071] 1
[1743166485930035905] 1
[1743166485945057931] 1
[1743166485948813458] 1
[1743166485948908209] 1
[1743166485949086669] 1
[1743166485949171128] 1
[1743166485949330129] 1
[1743166485958796948] 1
[1743166485972412297] 1
[1743166485975367735] 1
[1743166485982621205] 1
[1743166485982759623] 1
[1743166485982844956] 1
[1743166485982890040] 1
[1743166485982951999] 1
[1743166485983177667] 1
[1743166485983275751] 1
[1743166485983465586] 1
[1743166485983545712] 1
[1743166485983780047] 1
[1743166485983929423] 1
[1743166485984002090] 1
[1743166485984120424] 1
[1743166485984485093] 1
[1743166486113502169] 1
[1743166486113755462] 1
[1743166486114212216] 1
[1743166486473053406] 1
[1743166486473135865] 1
[1743166486473173782] 1
[1743166486473199240] 1
[1743166486473222324] 1
[1743166486473470451] 1
[1743166486473497034] 1
[1743166486473524701] 1
[1743166486473547368] 1
[1743166486473573076] 1
[1743166487028255922] 1
[1743166487028376048] 1
[1743166487028652550] 1
[1743166487028755593] 1
[1743166487028914094] 1
[1743166487029007470] 1
[1743166487029185304] 1
[1743166487029279972] 1
[1743166487029486681] 1
[1743166487029715183] 1
[1743166487030140061] 1
[1743166487030277854] 1
[1743166487030376813] 1
[1743166487059484072] 1
[1743166487059608823] 1
[1743166487059841325] 1
[1743166487059921159] 1
[1743166487059987451] 1
[1743166487060046451] 1
[1743166487060118035] 1
[1743166487060281911] 1
[1743166487060340370] 1
[1743166487060390204] 1
[1743166487060441038] 1
[1743166487060551663] 1
[1743166487060668748] 1
[1743166487060740956] 1
[1743166487061132501] 1
[1743166487127429788] 1
[1743166487128114793] 1
[1743166487476664645] 1
[1743166487476961939] 1
[1743166487477089981] 1
[1743166487477212774] 1
[1743166487477772195] 1
[1743166487477922113] 1
[1743166487478071364] 1
[1743166487478243115] 1
[1743166487478410616] 1
[1743166487478853328] 1
[1743166488043721673] 1
[1743166488043969884] 1
[1743166488044111801] 1
[1743166488044352220] 1
[1743166488044703514] 1
[1743166488044950933] 1
[1743166488045086309] 1
[1743166488045206060] 1
[1743166488045536479] 1
[1743166488045689147] 1
[1743166488045824689] 1
[1743166488045922357] 1
[1743166488046057816] 1
[1743166488075313578] 1
[1743166488075426371] 1
[1743166488075520955] 1
[1743166488075635831] 1
[1743166488075880708] 1
[1743166488076012667] 1
[1743166488076096084] 1
[1743166488076159418] 1
[1743166488076236044] 1
[1743166488076291211] 1
[1743166488076368170] 1
[1743166488076413628] 1
[1743166488076614088] 1
[1743166488076733006] 1
[1743166488077400761] 1
[1743166488152082075] 1
[1743166488152789913] 1
[1743166488481451311] 1
[1743166488481767064] 1
[1743166488481911981] 1
[1743166488482035566] 1
[1743166488482347526] 1
[1743166488482450069] 1
[1743166488482533736] 1
[1743166488482626279] 1
[1743166488482710321] 1
[1743166488482798321] 1
[1743166489042226631] 1
[1743166489042367299] 1
[1743166489042695510] 1
[1743166489042738469] 1
[1743166489042804427] 1
[1743166489042843386] 1
[1743166489042881553] 1
[1743166489043132847] 1
[1743166489043176722] 1
[1743166489043228097] 1
[1743166489043256098] 1
[1743166489043277681] 1
[1743166489043446224] 1
[1743166489043507016] 1
[1743166489043563308] 1
[1743166489043623809] 1
[1743166489043937811] 1
[1743166489043984853] 1
[1743166489182287034] 1
[1743166489182846163] 1
[1743166489484908218] 1
[1743166489485297013] 1
[1743166489485416097] 1
[1743166489485530098] 1
[1743166489485644807] 1
[1743166489486129228] 1
[1743166489486421813] 1
[1743166489486522606] 1
[1743166489486658482] 1
[1743166489486764066] 1
[1743166490047256264] 1
[1743166490047704475] 1
[1743166490048647191] 1
[1743166490048972527] 1
[1743166490049122028] 1
[1743166490049302446] 1
[1743166490049453739] 1
[1743166490049601948] 1
[1743166490072765044] 1
[1743166490072897003] 1
[1743166490073072713] 1
[1743166490073170130] 1
[1743166490073244964] 1
[1743166490073323715] 1
[1743166490073460299] 1
[1743166490073618509] 1
[1743166490073711676] 1
[1743166490073851552] 1
[1743166490198487888] 1
[1743166490199287686] 1
[1743166490490523849] 1
[1743166490490816310] 1
[1743166490491355522] 1
[1743166490491472857] 1
[1743166490491538732] 1
[1743166490491691442] 1
[1743166490491755400] 1
[1743166490491817734] 1
[1743166490491874860] 1
[1743166490492189570] 1
[1743166491101229318] 1
[1743166491101557029] 1
[1743166491101673196] 1
[1743166491101918823] 1
[1743166491102159200] 1
[1743166491102278826] 1
[1743166491102423744] 1
[1743166491102994915] 1
[1743166491103139291] 1
[1743166491103279625] 1
[1743166491103869963] 1
[1743166491104023298] 1
[1743166491104138549] 1
[1743166491104193424] 1
[1743166491104301508] 1
[1743166491104511218] 1
[1743166491104564885] 1
[1743166491104605594] 1
[1743166491227407468] 1
[1743166491228055056] 1
[1743166491495372848] 1
[1743166491496286272] 1
[1743166491496907401] 1
[1743166491497032027] 1
[1743166491498143078] 1
[1743166491498288454] 1
[1743166491498387830] 1
[1743166491498566331] 1
[1743166491498667207] 1
[1743166491498767999] 1
[1743166492104565687] 1
[1743166492104779938] 1
[1743166492104990398] 1
[1743166492105140775] 1
[1743166492105250775] 1
[1743166492105639778] 1
[1743166492105843447] 1
[1743166492105949614] 1
[1743166492106125366] 1
[1743166492126798403] 1
[1743166492126917988] 1
[1743166492127086864] 1
[1743166492127211032] 1
[1743166492127287366] 1
[1743166492127375991] 1
[1743166492127438117] 1
[1743166492127559076] 1
[1743166492127636535] 1
[1743166492127713744] 1
[1743166492245931550] 1
[1743166492500526970] 1
[1743166492500866931] 1
[1743166492500978766] 1
[1743166492501162684] 1
[1743166492501310060] 1
[1743166492501392311] 1
[1743166492501456561] 1
[1743166492501525145] 1
[1743166492501948190] 1
[1743166492502036524] 1
[1743166493099208274] 1
[1743166493099450818] 1
[1743166493099656444] 1
[1743166493100054406] 1
[1743166493100232365] 1
[1743166493100412909] 1
[1743166493100544451] 1
[1743166493100657786] 1
[1743166493100838162] 1
[1743166493100964163] 1
[1743166493505462087] 1
[1743166493505884215] 1
[1743166493506076508] 1
[1743166493506163884] 1
[1743166493506293385] 1
[1743166493506474262] 1
[1743166493506544679] 1
[1743166493510303084] 1
[1743166493510426085] 1
[1743166493510510710] 1
[1743166493883033005] 1
[1743166494068070273] 1
[1743166494068300858] 1
[1743166494068598110] 1
[1743166494068881738] 1
[1743166494075047329] 1
[1743166494075245622] 1
[1743166494075485541] 1
[1743166494076076920] 1
[1743166494076351631] 1
[1743166494513515473] 1
[1743166494514175978] 1
[1743166494514272604] 1
[1743166494514355771] 1
[1743166494515118319] 1
[1743166494515248070] 1
[1743166494515343654] 1
[1743166494515529239] 1
[1743166494515677449] 1
[1743166494516269495] 1
[1743166524557586924] 1
[1743166524557881759] 1
[1743166524558048801] 1
[1743166524558183260] 1
[1743166524558329969] 1
[1743166524562075198] 1
[1743166524562843035] 1
[1743166525242360857] 1
[1743166525430822437] 1
[1743166525430902104] 1
[1743166525433913620] 1
[1743166525487725959] 1
[1743166525580424636] 1
[1743166525580513678] 1
[1743166525580670054] 1
[1743166525580766055] 1
[1743166525580800847] 1
[1743166525581002014] 1
[1743166525581157099] 1
[1743166525581207890] 1
[1743166525581242307] 1
[1743166525581383266] 1
[1743166525601025541] 1
[1743166525601068208] 1
[1743166525612856857] 1
[1743166525612904898] 1
[1743166525612956065] 1
[1743166525613014732] 1
[1743166525613288109] 1
[1743166525613445568] 1
[1743166525613483360] 1
[1743166525613638694] 1
[1743166525613672028] 1
[1743166525613740403] 1
[1743166525613790820] 1
[1743166525613936029] 1
[1743166525614237114] 1
[1743166525614296323] 1
[1743166525614343656] 1
[1743166525614388240] 1
[1743166525614478949] 1
[1743166525614538449] 1
[1743166525614587574] 1
[1743166525614665450] 1
[1743166525614730159] 1
[1743166525614807159] 1
[1743166525614991202] 1
[1743166525615042119] 1
[1743166525615086702] 1
[1743166525615130952] 1
[1743166525615191994] 1
[1743166525615232620] 1
[1743166525615319078] 1
[1743166525615373162] 1
[1743166525634320975] 1
[1743166525634391017] 1
[1743166525634471726] 1
[1743166525634563934] 1
[1743166525634612768] 1
[1743166525634655518] 1
[1743166525634724269] 1
[1743166525635245730] 1
[1743166525635328564] 1
[1743166525635387481] 1
[1743166525635429231] 1
[1743166525635497065] 1
[1743166525635607815] 1
[1743166525635722941] 1
[1743166525635826066] 1
[1743166525635934192] 1
[1743166525636068734] 1
[1743166525636115693] 1
[1743166525636146860] 1
[1743166525636178943] 1
[1743166525636259777] 1
[1743166525636324694] 1
[1743166525636434820] 1
[1743166525636661404] 1
[1743166525636734905] 1
[1743166525636795738] 1
[1743166525636849114] 1
[1743166525637801244] 1
[1743166525637935828] 1
[1743166525638048954] 1
[1743166525638288372] 1
[1743166525638371622] 1
[1743166525638408372] 1
[1743166525751164327] 1
[1743166525751251661] 1
[1743166525751295494] 1
[1743166525751330286] 1
[1743166525751359661] 1
[1743166525756245480] 1
[1743166525756294105] 1
[1743166525756325439] 1
[1743166525756375314] 1
[1743166525756408106] 1
[1743166526330511512] 1
[1743166526402242957] 1
[1743166526402320083] 1
[1743166526402511417] 1
[1743166526414902195] 1
[1743166526414972570] 1
[1743166526415153071] 1
[1743166526415219947] 1
[1743166526415284572] 1
[1743166526415403656] 1
[1743166526415515948] 1
[1743166526415623616] 1
[1743166526415785617] 1
[1743166526415868950] 1
[1743166526415943159] 1
[1743166526416018743] 1
[1743166526416096535] 1
[1743166526416229869] 1
[1743166526416906206] 1
[1743166526417133124] 1
[1743166526417234625] 1
[1743166526417335500] 1
[1743166526417396917] 1
[1743166526417505835] 1
[1743166526417579877] 1
[1743166526574240798] 1
[1743166526574367549] 1
[1743166526574496425] 1
[1743166526574590550] 1
[1743166526575172720] 1
[1743166526759916383] 1
[1743166526760217427] 1
[1743166526760321844] 1
[1743166526760449594] 1
[1743166526765792624] 1
[1743166526765943250] 1
[1743166526766002667] 1
[1743166526766060043] 1
[1743166526766115835] 1
[1743166526766175252] 1
[1743166527453757370] 1
[1743166527454050663] 1
[1743166527468565288] 1
[1743166527468692247] 1
[1743166527468891790] 1
[1743166527469001166] 1
[1743166527469126041] 1
[1743166527469235917] 1
[1743166527469323459] 1
[1743166527469508919] 1
[1743166527469742503] 1
[1743166527470259089] 1
[1743166527470389465] 1
[1743166527470422840] 1
[1743166527470621675] 1
[1743166527470776301] 1
[1743166527585154914] 1
[1743166527585319331] 1
[1743166527585483291] 1
[1743166527586063877] 1
[1743166527768782381] 1
[1743166527769032341] 1
[1743166527769312718] 1
[1743166527769474385] 1
[1743166527769529469] 1
[1743166527769580386] 1
[1743166527769632053] 1
[1743166527769678845] 1
[1743166527769734220] 1
[1743166527769787679] 1
[1743166528163081572] 1
[1743166528163471199] 1
[1743166528163777534] 1
[1743166528163991869] 1
[1743166528164191787] 1
[1743166528164424621] 1
[1743166528167410847] 1
[1743166528167686682] 1
[1743166528167902892] 1
[1743166528170931076] 1
[1743166528171151869] 1
[1743166528171382287] 1
[1743166528171777914] 1
[1743166528451389794] 1
[1743166528481465011] 1
[1743166528481618303] 1
[1743166528481841846] 1
[1743166528481957597] 1
[1743166528482050722] 1
[1743166528482123806] 1
[1743166528482186890] 1
[1743166528482239307] 1
[1743166528482286849] 1
[1743166528482755102] 1
[1743166528482805143] 1
[1743166528482837935] 1
[1743166528482899061] 1
[1743166528482981394] 1
[1743166528483093812] 1
[1743166528613226487] 1
[1743166528613543780] 1
[1743166528613693406] 1
[1743166528614001283] 1
[1743166528772800792] 1
[1743166528773036377] 1
[1743166528773127044] 1
[1743166528773250794] 1
[1743166528773341878] 1
[1743166528773436337] 1
[1743166528773893673] 1
[1743166528778106198] 1
[1743166528778328824] 1
[1743166528778417116] 1
[1743166529471703746] 1
[1743166529471892498] 1
[1743166529472104291] 1
[1743166529472190333] 1
[1743166529472249041] 1
[1743166529472679794] 1
[1743166529472801003] 1
[1743166529633535081] 1
[1743166529633868708] 1
[1743166529634387170] 1
[1743166529780080034] 1
[1743166529780211951] 1
[1743166529780265035] 1
[1743166529780309327] 1
[1743166529780352785] 1
[1743166529780410077] 1
[1743166529780459661] 1
[1743166529780689162] 1
[1743166529780730996] 1
[1743166529780772121] 1
[1743166530271359849] 1
[1743166530271710893] 1
[1743166530272637565] 1
[1743166530276145045] 1
[1743166530276397046] 1
[1743166530276627464] 1
[1743166530276841382] 1
[1743166530277122509] 1
[1743166530277436219] 1
[1743166530277637762] 1
[1743166530292141599] 1
[1743166530292442768] 1
[1743166530292671269] 1
[1743166530292887312] 1
[1743166530293371065] 1
[1743166530300018355] 1
[1743166530300092356] 1
[1743166530300148981] 1
[1743166530309850915] 1
[1743166530310063458] 1
[1743166530310153333] 1
[1743166530455904962] 1
[1743166530456168005] 1
[1743166530456416090] 1
[1743166530456975844] 1
[1743166530457170887] 1
[1743166530457312262] 1
[1743166530457495763] 1
[1743166530457633306] 1
[1743166530470647843] 1
[1743166530470773469] 1
[1743166530471019012] 1
[1743166530471145346] 1
[1743166530471260138] 1
[1743166530471576890] 1
[1743166530472045726] 1
[1743166530472221061] 1
[1743166530472338978] 1
[1743166530472398020] 1
[1743166530657634554] 1
[1743166530658141057] 1
[1743166530782764600] 1
[1743166530782881476] 1
[1743166530782923601] 1
[1743166530782974727] 1
[1743166530784230692] 1
[1743166530784297235] 1
[1743166530784339110] 1
[1743166530784377985] 1
[1743166530784419069] 1
[1743166530784626945] 1
[1743166531577405867] 1
[1743166531578468373] 1
[1743166531578600666] 1
[1743166531578736375] 1
[1743166531578823542] 1
[1743166531587633013] 1
[1743166531587817139] 1
[1743166531587924265] 1
[1743166531588133349] 1
[1743166531588433601] 1
[1743166531588608769] 1
[1743166531588748228] 1
[1743166531588878395] 1
[1743166531588995938] 1
[1743166531589136272] 1
[1743166531589253064] 1
[1743166531590044236] 1
[1743166531590176528] 1
[1743166531590216570] 1
[1743166531667639545] 1
[1743166531786311356] 1
[1743166531786402106] 1
[1743166531786435190] 1
[1743166531786470482] 1
[1743166531786498732] 1
[1743166531786533024] 1
[1743166531786562191] 1
[1743166531786588983] 1
[1743166531786615983] 1
[1743166531786644816] 1
[1743166532330633517] 1
[1743166532331015727] 1
[1743166532331311146] 1
[1743166532331597648] 1
[1743166532332194901] 1
[1743166532332393903] 1
[1743166532332635988] 1
[1743166532332822864] 1
[1743166532333038823] 1
[1743166532336139676] 1
[1743166532353561285] 1
[1743166532353865411] 1
[1743166532354123746] 1
[1743166532354694292] 1
[1743166532354963210] 1
[1743166532355171420] 1
[1743166532355340129] 1
[1743166532355622131] 1
[1743166532356146176] 1
[1743166532356203384] 1
[1743166532365138148] 1
[1743166532365298899] 1
[1743166532512164439] 1
[1743166532512542650] 1
[1743166532512849152] 1
[1743166532513237237] 1
[1743166532513583448] 1
[1743166532513741907] 1
[1743166532513878908] 1
[1743166532514015034] 1
[1743166532514147410] 1
[1743166532526104193] 1
[1743166532526257194] 1
[1743166532526371903] 1
[1743166532526492528] 1
[1743166532526624946] 1
[1743166532526765822] 1
[1743166532526869947] 1
[1743166532527779703] 1
[1743166532527937329] 1
[1743166532528007621] 1
[1743166532528059621] 1
[1743166532789264832] 1
[1743166532791682597] 1
[1743166532791819848] 1
[1743166532791873765] 1
[1743166532791927640] 1
[1743166532791979390] 1
[1743166532792033057] 1
[1743166532792090016] 1
[1743166532792144600] 1
[1743166532792196850] 1
[1743166533563212290] 1
[1743166533563405832] 1
[1743166533563567167] 1
[1743166533563903044] 1
[1743166533586095309] 1
[1743166533586598021] 1
[1743166533586752730] 1
[1743166533586885523] 1
[1743166533587036607] 1
[1743166533587168566] 1
[1743166533793593913] 1
[1743166533793721956] 1
[1743166533793755373] 1
[1743166533793967416] 1
[1743166533794054833] 1
[1743166533794087541] 1
[1743166533795189673] 1
[1743166533795226340] 1
[1743166533795263632] 1
[1743166533795299466] 1
[1743166534310250793] 1
[1743166534310524295] 1
[1743166534313698149] 1
[1743166534323903964] 1
[1743166534797243878] 1
[1743166534797519380] 1
[1743166534797858423] 1
[1743166534797981258] 1
[1743166534798091217] 1
[1743166534798212551] 1
[1743166534798406052] 1
[1743166534798529428] 1
[1743166534798625803] 1
[1743166534798731637] 1
[1743166544601236531] 1
[1743166544601391074] 1
[1743166544601742368] 1
[1743166544601885078] 1
[1743166544604970267] 1
[1743166544605025226] 1
[1743166544608116498] 1
[1743166544608196957] 1
[1743166544608265041] 1
[1743166544608443959] 1
[1743166544608523334] 1
[1743166544608582460] 1
[1743166544608634835] 1
[1743166544608672877] 1
[1743166544608897087] 1
[1743166544611664066] 1
[1743166544611723524] 1
[1743166544614928339] 1
[1743166544615053132] 1
[1743166544615174883] 1
[1743166544615253009] 1
[1743166544615313426] 1
[1743166544615400385] 1
[1743166544615585553] 1
[1743166544615671928] 1
[1743166544616304558] 1
[1743166544616408767] 1
[1743166544840150523] 1
[1743166544840381275] 1
[1743166545560996364] 1
[1743166545621130432] 1
[1743166545621230391] 1
[1743166545648111423] 1
[1743166545648178465] 1
[1743166545648452800] 1
[1743166545648518759] 1
[1743166545648688385] 1
[1743166545686240620] 1
[1743166545689364352] 1
[1743166545689419519] 1
[1743166545692626084] 1
[1743166545692844211] 1
[1743166545692968170] 1
[1743166545693026379] 1
[1743166545693116421] 1
[1743166545693186755] 1
[1743166545698764963] 1
[1743166545698824880] 1
[1743166545698878797] 1
[1743166545698934797] 1
[1743166545698997631] 1
[1743166545699094882] 1
[1743166545699516635] 1
[1743166545699600760] 1
[1743166545699653927] 1
[1743166545699715511] 1
[1743166545699757553] 1
[1743166545699950513] 1
[1743166545700013847] 1
[1743166545700987271] 1
[1743166545701180564] 1
[1743166545701383440] 1
[1743166545701528400] 1
[1743166545701878027] 1
[1743166545701941528] 1
[1743166545701994986] 1
[1743166545702459781] 1
[1743166545702513574] 1
[1743166545702663283] 1
[1743166545702741742] 1
[1743166545702880701] 1
[1743166545702950368] 1
[1743166545841753641] 1
[1743166545841817767] 1
[1743166545841854350] 1
[1743166545841879059] 1
[1743166545841905976] 1
[1743166545841924059] 1
[1743166545841948601] 1
[1743166545841970101] 1
[1743166545841986518] 1
[1743166545842018727] 1
[1743166546513806092] 1
[1743166546537713104] 1
[1743166546537781896] 1
[1743166546544506946] 1
[1743166546577369024] 1
[1743166546577460650] 1
[1743166546577624276] 1
[1743166546577739402] 1
[1743166546578043362] 1
[1743166546578403282] 1
[1743166546579218204] 1
[1743166546579615874] 1
[1743166546579693291] 1
[1743166546579760459] 1
[1743166546844835808] 1
[1743166546845128435] 1
[1743166546845305561] 1
[1743166546845404812] 1
[1743166546845497021] 1
[1743166546845575480] 1
[1743166546845710856] 1
[1743166546845820940] 1
[1743166546845895191] 1
[1743166546845958025] 1
[1743166547653956884] 1
[1743166547654046052] 1
[1743166547654145219] 1
[1743166547654212344] 1
[1743166547654273595] 1
[1743166547654580972] 1
[1743166547654722473] 1
[1743166547654803432] 1
[1743166547654918516] 1
[1743166547655094018] 1
[1743166547848395431] 1
[1743166547848498682] 1
[1743166547848616307] 1
[1743166547851721872] 1
[1743166547851781206] 1
[1743166547851809248] 1
[1743166547851827957] 1
[1743166547851847207] 1
[1743166547851903707] 1
[1743166547851922791] 1
[1743166548647812745] 1
[1743166548647960663] 1
[1743166548648093997] 1
[1743166548648300124] 1
[1743166548854592275] 1
[1743166548854741401] 1
[1743166548854857527] 1
[1743166548855008653] 1
[1743166548855051529] 1
[1743166548855096904] 1
[1743166548855160321] 1
[1743166548855196488] 1
[1743166548855220697] 1
[1743166548855245280] 1
[1743166549944532630] 1
[1743166549944669464] 1
[1743166549944777632] 1
[1743166549944952550] 1
[1743166549945016717] 1
[1743166549945240635] 1
[1743166549945296178] 1
[1743166549948676537] 1
[1743166549948879455] 1
[1743166549949476543] 1
[1743166550955506169] 1
[1743166550955725045] 1
[1743166550955951464] 1
[1743166550956008631] 1
[1743166550962294805] 1
[1743166550962369680] 1
[1743166550962493556] 1
[1743166550962671474] 1
[1743166550963255687] 1
[1743166550963540898] 1
[1743166551951859584] 1
[1743166551951966668] 1
[1743166551952157753] 1
[1743166551952233212] 1
[1743166551952345379] 1
[1743166551952524047] 1
[1743166551952689799] 1
[1743166551955821573] 1
[1743166551955926574] 1
[1743166551956354994] 1
[1743166552961095797] 1
[1743166552961304048] 1
[1743166552961407466] 1
[1743166552961730343] 1
[1743166552961827552] 1
[1743166552961894553] 1
[1743166552961926220] 1
[1743166552965217121] 1
[1743166552965410539] 1
[1743166552965966585] 1
[1743166553970227205] 1
[1743166553970321289] 1
[1743166553970416248] 1
[1743166553970498457] 1
[1743166553970666625] 1
[1743166553970758793] 1
[1743166553970873169] 1
[1743166553973931693] 1
[1743166553974006527] 1
[1743166553974660407] 1
[1743166554965918784] 1
[1743166554966235287] 1
[1743166554966302788] 1
[1743166554966355621] 1
[1743166554976978790] 1
[1743166554977042582] 1
[1743166554977197833] 1
[1743166554977803213] 1
[1743166554978014965] 1
[1743166554978144008] 1
[1743166555970356002] 1
[1743166555970456461] 1
[1743166555970503878] 1
[1743166555970592463] 1
[1743166555976953347] 1
[1743166555977104015] 1
[1743166555977205224] 1
[1743166555977491852] 1
[1743166555977956897] 1
[1743166555978121732] 1
[1743166556968522487] 1
[1743166556968592320] 1
[1743166556968797739] 1
[1743166556968846156] 1
[1743166556968908990] 1
[1743166556968964532] 1
[1743166556969153950] 1
[1743166556969389535] 1
[1743166556969783914] 1
[1743166556969848414] 1
[1743166557978405008] 1
[1743166557978556218] 1
[1743166557978696385] 1
[1743166557978756719] 1
[1743166557985243314] 1
[1743166557985305190] 1
[1743166557985373940] 1
[1743166557985568859] 1
[1743166557986034904] 1
[1743166557986250573] 1
[1743166558984982152] 1
[1743166558985088486] 1
[1743166558985446072] 1
[1743166558985599574] 1
[1743166558985735325] 1
[1743166558986095078] 1
[1743166558986154161] 1
[1743166558989321521] 1
[1743166558989400272] 1
[1743166558989908526] 1
[1743166559977297908] 1
[1743166559977743245] 1
[1743166559977810329] 1
[1743166559977880579] 1
[1743166559978010372] 1
[1743166559978060414] 1
[1743166559978204248] 1
[1743166559981273191] 1
[1743166559981431775] 1
[1743166559981823237] 1
[1743166560976202906] 1
[1743166560976331365] 1
[1743166560976414324] 1
[1743166560976463950] 1
[1743166560976509784] 1
[1743166560976585326] 1
[1743166560976669577] 1
[1743166560979624601] 1
[1743166560979867228] 1
[1743166560980264065] 1
[1743166561974664254] 1
[1743166561974803964] 1
[1743166561974855547] 1
[1743166561974913423] 1
[1743166561975024590] 1
[1743166561975201634] 1
[1743166561975345302] 1
[1743166561978269035] 1
[1743166561978367910] 1
[1743166561979048958] 1
[1743166562979255382] 1
[1743166562979333716] 1
[1743166562979436884] 1
[1743166562979636760] 1
[1743166562986314442] 1
[1743166562986370985] 1
[1743166562986422443] 1
[1743166562986752488] 1
[1743166562987219909] 1
[1743166562987321951] 1
[1743166563969462989] 1
[1743166563969850492] 1
[1743166563969919742] 1
[1743166563969968118] 1
[1743166563975906961] 1
[1743166563976028587] 1
[1743166563976110421] 1
[1743166563976327048] 1
[1743166563976708843] 1
[1743166563976758051] 1
[1743166565001612558] 1
[1743166565002318939] 1
[1743166565002404607] 1
[1743166565002459316] 1
[1743166565005711719] 1
[1743166565005821428] 1
[1743166565006051013] 1
[1743166565006134306] 1
[1743166565006293266] 1
[1743166565006386225] 1
[1743166566009044516] 1
[1743166566009261476] 1
[1743166566009321393] 1
[1743166566009496645] 1
[1743166566009994399] 1
[1743166566010051067] 1
[1743166566010326777] 1
[1743166566010406028] 1
[1743166566010511404] 1
[1743166566010631322] 1
[1743166567022571461] 1
[1743166567022656587] 1
[1743166567022697795] 1
[1743166567027244794] 1
[1743166567027320170] 1
[1743166567027412171] 1
[1743166567027533422] 1
[1743166567027644673] 1
[1743166567034663901] 1
[1743166567034772236] 1
[1743166567046825592] 1
[1743166567057589187] 1
[1743166567058822115] 1
[1743166567062187770] 1
[1743166567063033819] 1
[1743166567063544032] 1
[1743166567063659824] 1
[1743166567063722325] 1
[1743166567064203704] 1
[1743166567064630041] 1
[1743166567979148875] 1
[1743166567979259335] 1
[1743166567983477080] 1
[1743166567983645957] 1
[1743166567983738374] 1
[1743166567983792166] 1
[1743166567983827417] 1
[1743166567987569908] 1
[1743166567991413317] 1
[1743166567995609438] 1
[1743166568974576729] 1
[1743166568974744772] 1
[1743166568974831314] 1
[1743166568974913523] 1
[1743166568974970649] 1
[1743166568982583633] 1
[1743166568982654884] 1
[1743166568982743301] 1
[1743166568982861136] 1
[1743166568998584067] 1
[1743166569132003636] 1
[1743166569132358222] 1
[1743166569132732059] 1
[1743166569133429690] 1
[1743166569133701359] 1
[1743166569133907528] 1
[1743166569134134322] 1
[1743166569134314532] 1
[1743166569134505992] 1
[1743166569134730160] 1
[1743166569140743173] 1
[1743166569141283052] 1
[1743166569141538221] 1
[1743166569141862599] 1
[1743166569142056726] 1
[1743166569142369979] 1
[1743166569142566314] 1
[1743166569142864775] 1
[1743166569143396780] 1
[1743166569143741824] 1
[1743166569972535534] 1
[1743166569972628534] 1
[1743166569972797244] 1
[1743166569972891995] 1
[1743166569972984788] 1
[1743166569973053163] 1
[1743166569973179831] 1
[1743166569973297499] 1
[1743166569973361583] 1
[1743166569973702586] 1
[1743166570972660745] 1
[1743166570972736579] 1
[1743166570972786538] 1
[1743166570972843497] 1
[1743166570972939456] 1
[1743166570973027290] 1
[1743166570973121833] 1
[1743166570975934358] 1
[1743166570976089818] 1
[1743166570976625989] 1
[1743166571178689526] 1
[1743166571179055071] 1
[1743166571179349615] 1
[1743166571179624118] 1
[1743166571179844370] 1
[1743166571180102289] 1
[1743166571180632127] 1
[1743166571180867546] 1
[1743166571181079464] 1
[1743166571181288175] 1
[1743166571181482260] 1
[1743166571181713012] 1
[1743166571181897805] 1
[1743166571182083890] 1
[1743166571182281975] 1
[1743166571182498477] 1
[1743166571182700062] 1
[1743166571182921106] 1
[1743166571183104399] 1
[1743166571183667029] 1
[1743166571973301847] 1
[1743166571973385432] 1
[1743166571973430890] 1
[1743166571973597600] 1
[1743166571973702643] 1
[1743166571973798269] 1
[1743166571973876436] 1
[1743166571977073923] 1
[1743166571977210133] 1
[1743166571977733429] 1
[1743166572982969751] 1
[1743166572983081044] 1
[1743166572983216962] 1
[1743166572983313712] 1
[1743166572983401338] 1
[1743166572983501464] 1
[1743166572983599590] 1
[1743166572983742383] 1
[1743166572983835259] 1
[1743166572983968427] 1
[1743166573199378399] 1
[1743166573199720569] 1
[1743166573200114114] 1
[1743166573200553785] 1
[1743166573200746328] 1
[1743166573200902288] 1
[1743166573201092623] 1
[1743166573201252208] 1
[1743166573201501460] 1
[1743166573201686212] 1
[1743166573201896589] 1
[1743166573202066340] 1
[1743166573202286384] 1
[1743166573981367729] 1
[1743166573981541897] 1
[1743166573981613064] 1
[1743166573981659356] 1
[1743166573981697857] 1
[1743166573981732690] 1
[1743166573982220861] 1
[1743166573982354363] 1
[1743166573982397655] 1
[1743166573982492656] 1
[1743166634951502219] 1
[1743166634951849514] 1
[1743166634952061724] 1
[1743166634952189684] 1
[1743166634952375477] 1
[1743166634952506770] 1
[1743166634952668272] 1
[1743166634953105401] 1
[1743166634953281527] 1
[1743166634953444112] 1
[1743166634953616030] 1
[1743166634953708573] 1
[1743166634953817490] 1
[1743166634953914033] 1
[1743166634956959561] 1
[1743166634957110270] 1
[1743166634957341939] 1
[1743166634957457607] 1
[1743166634957592775] 1
[1743166634957980320] 1
[1743166634958089404] 1
[1743166634958189239] 1
[1743166634958334198] 1
[1743166634958897745] 1
[1743166635666750996] 1
[1743166635678785023] 1
[1743166635720790159] 1
[1743166635857928044] 1
[1743166635858070336] 1
[1743166635858160462] 1
[1743166635858266380] 1
[1743166635881037839] 1
[1743166635881100798] 1
[1743166635881149590] 1
[1743166635933943617] 1
[1743166635934032368] 1
[1743166635934098243] 1
[1743166635934182161] 1
[1743166635934678874] 1
[1743166635934848625] 1
[1743166635934932584] 1
[1743166635934996501] 1
[1743166635935048210] 1
[1743166635935133919] 1
[1743166635935259421] 1
[1743166635935474506] 1
[1743166635935528215] 1
[1743166636015793328] 1
[1743166636018747730] 1
[1743166636022183262] 1
[1743166636022255929] 1
[1743166636022386847] 1
[1743166636022502265] 1
[1743166636022575015] 1
[1743166636022609390] 1
[1743166636022755142] 1
[1743166636022830393] 1
[1743166636022915518] 1
[1743166636022968727] 1
[1743166636023142479] 1
[1743166636023224105] 1
[1743166636023270147] 1
[1743166636023420023] 1
[1743166636023498440] 1
[1743166636023615733] 1
[1743166636023674692] 1
[1743166636023727359] 1
[1743166636023802068] 1
[1743166636023867652] 1
[1743166636023909527] 1
[1743166636023953695] 1
[1743166636023985903] 1
[1743166636024016028] 1
[1743166636024143571] 1
[1743166636024194363] 1
[1743166636024296739] 1
[1743166636025041621] 1
[1743166636025101914] 1
[1743166636025160206] 1
[1743166636073773488] 1
[1743166636073886489] 1
[1743166636073940906] 1
[1743166636074002990] 1
[1743166636074045074] 1
[1743166636074084574] 1
[1743166636095153185] 1
[1743166636095261269] 1
[1743166636095340437] 1
[1743166636095370520] 1
[1743166636095447438] 1
[1743166636095643815] 1
[1743166636095910692] 1
[1743166636095951109] 1
[1743166636096042193] 1
[1743166636096102444] 1
[1743166636096201153] 1
[1743166636096258487] 1
[1743166636096391947] 1
[1743166636096441030] 1
[1743166636096496489] 1
[1743166636096579448] 1
[1743166636096693949] 1
[1743166636096867701] 1
[1743166636097278038] 1
[1743166636097327580] 1
[1743166636097368831] 1
[1743166636097413164] 1
[1743166636099173556] 1
[1743166636099421683] 1
[1743166636099522850] 1
[1743166636099700144] 1
[1743166636099751644] 1
[1743166636099871479] 1
[1743166636099957729] 1
[1743166636433538392] 1
[1743166636434082313] 1
[1743166636437901932] 1
[1743166636438417228] 1
[1743166636438706814] 1
[1743166636438988275] 1
[1743166636439266820] 1
[1743166636439630615] 1
[1743166636439972743] 1
[1743166636440252829] 1
[1743166636694748636] 1
[1743166636694860304] 1
[1743166636726153718] 1
[1743166636732742903] 1
[1743166636735772181] 1
[1743166636738771917] 1
[1743166636738853043] 1
[1743166636738946086] 1
[1743166636747818459] 1
[1743166636747926544] 1
[1743166636748185671] 1
[1743166636749014429] 1
[1743166636749272056] 1
[1743166636749660976] 1
[1743166636749737852] 1
[1743166636749795269] 1
[1743166636749930687] 1
[1743166636984715271] 1
[1743166636984849272] 1
[1743166636985083233] 1
[1743166636985241109] 1
[1743166636985369319] 1
[1743166636985476986] 1
[1743166636985672363] 1
[1743166636985811739] 1
[1743166636985983491] 1
[1743166636986125951] 1
[1743166636986721123] 1
[1743166637000704293] 1
[1743166637000922754] 1
[1743166637001087005] 1
[1743166637001297424] 1
[1743166637001396258] 1
[1743166637001868679] 1
[1743166637001916346] 1
[1743166637002016639] 1
[1743166637002243974] 1
[1743166637002439518] 1
[1743166637002892397] 1
[1743166637003001690] 1
[1743166637443499858] 1
[1743166637443943320] 1
[1743166637444261323] 1
[1743166637446256508] 1
[1743166637446524011] 1
[1743166637446834889] 1
[1743166637447103475] 1
[1743166637447339310] 1
[1743166637447649980] 1
[1743166637452805069] 1
[1743166637756510510] 1
[1743166637756657553] 1
[1743166637756809472] 1
[1743166637756888472] 1
[1743166637756980556] 1
[1743166637757211767] 1
[1743166637757293268] 1
[1743166638014627155] 1
[1743166638014912115] 1
[1743166638015252077] 1
[1743166638015407578] 1
[1743166638016204211] 1
[1743166638016394088] 1
[1743166638016597131] 1
[1743166638016742133] 1
[1743166638016880884] 1
[1743166638017020218] 1
[1743166638031825898] 1
[1743166638031949399] 1
[1743166638032082817] 1
[1743166638032158151] 1
[1743166638032294236] 1
[1743166638032382653] 1
[1743166638032481237] 1
[1743166638032613155] 1
[1743166638033393913] 1
[1743166638033468913] 1
[1743166638033616123] 1
[1743166638033673707] 1
[1743166638034028002] 1
[1743166638458217485] 1
[1743166638459804916] 1
[1743166638460405671] 1
[1743166638465879845] 1
[1743166638466458309] 1
[1743166638466652394] 1
[1743166638466840354] 1
[1743166638467028980] 1
[1743166638467290483] 1
[1743166638467492068] 1
[1743166638796198678] 1
[1743166638796362721] 1
[1743166638796452846] 1
[1743166638808538913] 1
[1743166638808637539] 1
[1743166638808751082] 1
[1743166638809874717] 1
[1743166638809999759] 1
[1743166638810182178] 1
[1743166638810272679] 1
[1743166639018026946] 1
[1743166639018432365] 1
[1743166639018707200] 1
[1743166639019244619] 1
[1743166639019448246] 1
[1743166639019633830] 1
[1743166639019832623] 1
[1743166639019986332] 1
[1743166639020153541] 1
[1743166639032176065] 1
[1743166639032335149] 1
[1743166639032481025] 1
[1743166639032563775] 1
[1743166639032652192] 1
[1743166639032727151] 1
[1743166639032803443] 1
[1743166639033582031] 1
[1743166639033748365] 1
[1743166639033802490] 1
[1743166639033864074] 1
[1743166639473527842] 1
[1743166639473952470] 1
[1743166639474144179] 1
[1743166639474324138] 1
[1743166639474551056] 1
[1743166639474829808] 1
[1743166639475540562] 1
[1743166639475978689] 1
[1743166639476275941] 1
[1743166639477320488] 1
[1743166639768112196] 1
[1743166639768631907] 1
[1743166639778959213] 1
[1743166640033692353] 1
[1743166640034272898] 1
[1743166640034462107] 1
[1743166640034605441] 1
[1743166640035033985] 1
[1743166640035177945] 1
[1743166640035341987] 1
[1743166640035491071] 1
[1743166640044225703] 1
[1743166640044541538] 1
[1743166640044697372] 1
[1743166640044870373] 1
[1743166640045006082] 1
[1743166640045093666] 1
[1743166640046337631] 1
[1743166640046534882] 1
[1743166640046580383] 1
[1743166640481511251] 1
[1743166640482033879] 1
[1743166640482336047] 1
[1743166640482595215] 1
[1743166640482835466] 1
[1743166640483131051] 1
[1743166640483370094] 1
[1743166640483698721] 1
[1743166640483965431] 1
[1743166640484199474] 1
[1743166640810808325] 1
[1743166640811081368] 1
[1743166640811392370] 1
[1743166640811689955] 1
[1743166640811788122] 1
[1743166640812009165] 1
[1743166641045037793] 1
[1743166641045324628] 1
[1743166641045496338] 1
[1743166641045838465] 1
[1743166641046029924] 1
[1743166641046195217] 1
[1743166641055833938] 1
[1743166641056296649] 1
[1743166641056404941] 1
[1743166641056507233] 1
[1743166641056708693] 1
[1743166641057315404] 1
[1743166641057474572] 1
[1743166641057623823] 1
[1743166641489088004] 1
[1743166641489541507] 1
[1743166641490063801] 1
[1743166641500561027] 1
[1743166641500756278] 1
[1743166641500879529] 1
[1743166641500995655] 1
[1743166641501111614] 1
[1743166641501216656] 1
[1743166641501330740] 1
[1743166641864436578] 1
[1743166641864701288] 1
[1743166641864904455] 1
[1743166641865111040] 1
[1743166641887786793] 1
[1743166641887939585] 1
[1743166641888093253] 1
[1743166641888167337] 1
[1743166641888311046] 1
[1743166642053095187] 1
[1743166642053366397] 1
[1743166642053713524] 1
[1743166642053976942] 1
[1743166642054160235] 1
[1743166642060139853] 1
[1743166642060320020] 1
[1743166642060458521] 1
[1743166642060619022] 1
[1743166642061368568] 1
[1743166642061481735] 1
[1743166642506279367] 1
[1743166642506753036] 1
[1743166642507531541] 1
[1743166642508082461] 1
[1743166642508364046] 1
[1743166642508723256] 1
[1743166642509025133] 1
[1743166642509296968] 1
[1743166642509881846] 1
[1743166642510144139] 1
[1743166642954929604] 1
[1743166642955693983] 1
[1743166642956034319] 1
[1743166642956326487] 1
[1743166642956554947] 1
[1743166642956757156] 1
[1743166642971330115] 1
[1743166642971763617] 1
[1743166642971890118] 1
[1743166642971975202] 1
[1743166642972048785] 1
[1743166642972149744] 1
[1743166642972260203] 1
[1743166642972509246] 1
[1743166642972668622] 1
[1743166642972815873] 1
[1743166642973050208] 1
[1743166642973639961] 1
[1743166642973984297] 1
[1743166642974246548] 1
[1743166642974478633] 1
[1743166642974664050] 1
[1743166643037608998] 1
[1743166643037889916] 1
[1743166643038119251] 1
[1743166643038350210] 1
[1743166643513431393] 1
[1743166643513695227] 1
[1743166643513815311] 1
[1743166643513936854] 1
[1743166643521889692] 1
[1743166643522441445] 1
[1743166643522599488] 1
[1743166643522734363] 1
[1743166643522871989] 1
[1743166643523003407] 1
[1743166643906026720] 1
[1743166643906424514] 1
[1743166643906595140] 1
[1743166643907009392] 1
[1743166643907153935] 1
[1743166643907298977] 1
[1743166643907465895] 1
[1743166644065563612] 1
[1743166644065885489] 1
[1743166644066372325] 1
[1743166644525751541] 1
[1743166644526189419] 1
[1743166644526417087] 1
[1743166644526623838] 1
[1743166644526897923] 1
[1743166644527137966] 1
[1743166644527366801] 1
[1743166644527630802] 1
[1743166644536021810] 1
[1743166644536493230] 1
[1743166645008799189] 1
[1743166645009274692] 1
[1743166645010035072] 1
[1743166645010398032] 1
[1743166645010630367] 1
[1743166645010819660] 1
[1743166645011033994] 1
[1743166645011353121] 1
[1743166645011522122] 1
[1743166645011776124] 1
[1743166645011903958] 1
[1743166645012080584] 1
[1743166645012295585] 1
[1743166645012454670] 1
[1743166645038455409] 1
[1743166645038815494] 1
[1743166645039081038] 1
[1743166645039337331] 1
[1743166645039579374] 1
[1743166645039888001] 1
[1743166645040167253] 1
[1743166645040374587] 1
[1743166645040576172] 1
[1743166645041042716] 1
[1743166645041220051] 1
[1743166645041521552] 1
[1743166645041798804] 1
[1743166645042033430] 1
[1743166645042233390] 1
[1743166645082098921] 1
[1743166645540637798] 1
[1743166645541103634] 1
[1743166645541328719] 1
[1743166645541536595] 1
[1743166645542700185] 1
[1743166645543091521] 1
[1743166645543404148] 1
[1743166645543657733] 1
[1743166645544246361] 1
[1743166645544449196] 1
[1743166645958216304] 1
[1743166645958473930] 1
[1743166645958700307] 1
[1743166645958912225] 1
[1743166645959273685] 1
[1743166645959530770] 1
[1743166645959747771] 1
[1743166645959911522] 1
[1743166645960071690] 1
[1743166645960211274] 1
[1743166646546961552] 1
[1743166646547158803] 1
[1743166646547322346] 1
[1743166646547525847] 1
[1743166646547726223] 1
[1743166646547847099] 1
[1743166646548033267] 1
[1743166646548156267] 1
[1743166646565364414] 1
[1743166646565558040] 1
[1743166647097133327] 1
[1743166647097559746] 1
[1743166647097918790] 1
[1743166647098503294] 1
[1743166647098833754] 1
[1743166647099083089] 1
[1743166647099295965] 1
[1743166647099481466] 1
[1743166647099775968] 1
[1743166647099986719] 1
[1743166647100147304] 1
[1743166647100332513] 1
[1743166647100495348] 1
[1743166647100649140] 1
[1743166647100796849] 1
[1743166647100922225] 1
[1743166647118511792] 1
[1743166647118885544] 1
[1743166647119428131] 1
[1743166647119680383] 1
[1743166647119903884] 1
[1743166647120107469] 1
[1743166647120316845] 1
[1743166647120483763] 1
[1743166647120694431] 1
[1743166647120911224] 1
[1743166647121128517] 1
[1743166647121333018] 1
[1743166647121500852] 1
[1743166647122004605] 1
[1743166647568889365] 1
[1743166647569303451] 1
[1743166647569861830] 1
[1743166647570070539] 1
[1743166647570258916] 1
[1743166647570448333] 1
[1743166647570598293] 1
[1743166647570740918] 1
[1743166647570921045] 1
[1743166647571084796] 1
[1743166648020100362] 1
[1743166648020415322] 1
[1743166648020759574] 1
[1743166648020951159] 1
[1743166648021130660] 1
[1743166648021585204] 1
[1743166648021775956] 1
[1743166648021907748] 1
[1743166648022077624] 1
[1743166648022212958] 1
[1743166648574702209] 1
[1743166648575060545] 1
[1743166648575231254] 1
[1743166648575411630] 1
[1743166648575769258] 1
[1743166648581694920] 1
[1743166648581959296] 1
[1743166648582138631] 1
[1743166648582303674] 1
[1743166648582494758] 1
[1743166649136872407] 1
[1743166649137215909] 1
[1743166649137405494] 1
[1743166649137536536] 1
[1743166649137637412] 1
[1743166649137896372] 1
[1743166649138203082] 1
[1743166649139322881] 1
[1743166649139687550] 1
[1743166649139980135] 1
[1743166649152070379] 1
[1743166649152418797] 1
[1743166649152700549] 1
[1743166649152903259] 1
[1743166649153216678] 1
[1743166649153503638] 1
[1743166649153713472] 1
[1743166649153920140] 1
[1743166649154258267] 1
[1743166649154589936] 1
[1743166649154846771] 1
[1743166649155049064] 1
[1743166649155299024] 1
[1743166649155864278] 1
[1743166649156085571] 1
[1743166649156250530] 1
[1743166649157080369] 1
[1743166649157437954] 1
[1743166649157504246] 1
[1743166649157679248] 1
[1743166649585227960] 1
[1743166649585493212] 1
[1743166649585598046] 1
[1743166649585789214] 1
[1743166649585907715] 1
[1743166649586073424] 1
[1743166649586206842] 1
[1743166649586484302] 1
[1743166649586632636] 1
[1743166649586785512] 1
[1743166650066006808] 1
[1743166650074424237] 1
[1743166650074596655] 1
[1743166650074801031] 1
[1743166650074947282] 1
[1743166650075058658] 1
[1743166650075183617] 1
[1743166650076057622] 1
[1743166650076549126] 1
[1743166650076636585] 1
[1743166650588776293] 1
[1743166650588913086] 1
[1743166650588991628] 1
[1743166650589106337] 1
[1743166650589192629] 1
[1743166650589270713] 1
[1743166650589365422] 1
[1743166650589456506] 1
[1743166650589533465] 1
[1743166650589609965] 1
[1743166651123569865] 1
[1743166651123962785] 1
[1743166651124250953] 1
[1743166651124461538] 1
[1743166651124669164] 1
[1743166651124875874] 1
[1743166651125066542] 1
[1743166651125309418] 1
[1743166651125504670] 1
[1743166651125685921] 1
[1743166651152577929] 1
[1743166651152936807] 1
[1743166651153168433] 1
[1743166651153396560] 1
[1743166651153619436] 1
[1743166651153808354] 1
[1743166651154284690] 1
[1743166651154484900] 1
[1743166651154670109] 1
[1743166651154860027] 1
[1743166651591177409] 1
[1743166651591421286] 1
[1743166651591500245] 1
[1743166651591638245] 1
[1743166651591713538] 1
[1743166651591781913] 1
[1743166651592419751] 1
[1743166651592703919] 1
[1743166651592999588] 1
[1743166651593092380] 1
[1743166652693491556] 1
[1743166652693567890] 1
[1743166652693632640] 1
[1743166652693701682] 1
[1743166652693746183] 1
[1743166652697120288] 1
[1743166652697193539] 1
[1743166652697273081] 1
[1743166652697323540] 1
[1743166652698261004] 1
[1743166653183885468] 1
[1743166653184226220] 1
[1743166653184532181] 1
[1743166653184809558] 1
[1743166653185058476] 1
[1743166653185254269] 1
[1743166653185447229] 1
[1743166653185681855] 1
[1743166653206348035] 1
[1743166653206671370] 1
[1743166653206940747] 1
[1743166653207138040] 1
[1743166653207337416] 1
[1743166653207542543] 1
[1743166653207763794] 1
[1743166653207991921] 1
[1743166653209224095] 1
[1743166653209563306] 1
[1743166653209605181] 1
[1743166653209635931] 1
[1743166653611458069] 1
[1743166653611986198] 1
[1743166653612146032] 1
[1743166653612278033] 1
[1743166653612403075] 1
[1743166653612512451] 1
[1743166653612623952] 1
[1743166653612784620] 1
[1743166653612922204] 1
[1743166653613065830] 1
[1743166654713635348] 1
[1743166654713689848] 1
[1743166654713725348] 1
[1743166654713751599] 1
[1743166654713779432] 1
[1743166654713805557] 1
[1743166654713835141] 1
[1743166654714704272] 1
[1743166654714809606] 1
[1743166654714917273] 1
[1743166655229434677] 1
[1743166655229821930] 1
[1743166655230757228] 1
[1743166655231073355] 1
[1743166655231331273] 1
[1743166655243401856] 1
[1743166655243733525] 1
[1743166655243997818] 1
[1743166655244172444] 1
[1743166655244433571] 1
[1743166655244686281] 1
[1743166655245251535] 1
[1743166655245566162] 1
[1743166655245803205] 1
[1743166655246005332] 1
[1743166655246310750] 1
[1743166655247029714] 1
[1743166655247521134] 1
[1743166655247836969] 1
[1743166655248046762] 1
[1743166655618932126] 1
[1743166655619230003] 1
[1743166655619318087] 1
[1743166655619392962] 1
[1743166655619514046] 1
[1743166655619740298] 1
[1743166655619841340] 1
[1743166655619912632] 1
[1743166655619987466] 1
[1743166655626852555] 1
[1743166656722640334] 1
[1743166656722721793] 1
[1743166656722799502] 1
[1743166656722885627] 1
[1743166656722956503] 1
[1743166656726261776] 1
[1743166656726370110] 1
[1743166656726440402] 1
[1743166656726696654] 1
[1743166656727069990] 1
[1743166657269486250] 1
[1743166657270763259] 1
[1743166657271173220] 1
[1743166657271470347] 1
[1743166657271707474] 1
[1743166657283363763] 1
[1743166657283665057] 1
[1743166657283942851] 1
[1743166657284165352] 1
[1743166657284424979] 1
[1743166657284627356] 1
[1743166657284793482] 1
[1743166657285061650] 1
[1743166657285326777] 1
[1743166657285553404] 1
[1743166657285715238] 1
[1743166657286661453] 1
[1743166657287305291] 1
[1743166657287580168] 1
[1743166657287628418] 1
[1743166657633072076] 1
[1743166657633330911] 1
[1743166657633502579] 1
[1743166657633599705] 1
[1743166657633688581] 1
[1743166657633823957] 1
[1743166657633946957] 1
[1743166657634047541] 1
[1743166657634145000] 1
[1743166657634260085] 1
[1743166658729532564] 1
[1743166658729671857] 1
[1743166658729738899] 1
[1743166658729795233] 1
[1743166658735628024] 1
[1743166658735679816] 1
[1743166658735730316] 1
[1743166658735844067] 1
[1743166658736487905] 1
[1743166658736552030] 1
[1743166659319620910] 1
[1743166659320383248] 1
[1743166659320772585] 1
[1743166659321097087] 1
[1743166659342321613] 1
[1743166659342626782] 1
[1743166659342878200] 1
[1743166659343109952] 1
[1743166659343351995] 1
[1743166659343526996] 1
[1743166659343949083] 1
[1743166659344242752] 1
[1743166659344658879] 1
[1743166659344703255] 1
[1743166659345295342] 1
[1743166659346086890] 1
[1743166659346163765] 1
[1743166659346241641] 1
[1743166659346375683] 1
[1743166659346985104] 1
[1743166659641185406] 1
[1743166659641485617] 1
[1743166659641602451] 1
[1743166659641771910] 1
[1743166659641873119] 1
[1743166659647019656] 1
[1743166659647178782] 1
[1743166659647259574] 1
[1743166659647357283] 1
[1743166659647625327] 1
[1743166660649257541] 1
[1743166660649395209] 1
[1743166660649499043] 1
[1743166660649544335] 1
[1743166660649620335] 1
[1743166660649668961] 1
[1743166660649704544] 1
[1743166660649732878] 1
[1743166660649762003] 1
[1743166660649836337] 1
[1743166661385271315] 1
[1743166661385777569] 1
[1743166661386218197] 1
[1743166661387230746] 1
[1743166661387610665] 1
[1743166661396166769] 1
[1743166661396459729] 1
[1743166661397234193] 1
[1743166661397519945] 1
[1743166661397774989] 1
[1743166661398027324] 1
[1743166661398225034] 1
[1743166661398543120] 1
[1743166661398739996] 1
[1743166661399008165] 1
[1743166661399227291] 1
[1743166661399453709] 1
[1743166661400231340] 1
[1743166661400543842] 1
[1743166661400594843] 1
[1743166661651243370] 1
[1743166661651444038] 1
[1743166661651499330] 1
[1743166661651633997] 1
[1743166661651695581] 1
[1743166661651749957] 1
[1743166661651809832] 1
[1743166661651862582] 1
[1743166661651928833] 1
[1743166661651986042] 1
[1743166662745201149] 1
[1743166662745320650] 1
[1743166662745587652] 1
[1743166662745701486] 1
[1743166662745844945] 1
[1743166662752589703] 1
[1743166662752647829] 1
[1743166662752704746] 1
[1743166662753566835] 1
[1743166662753633961] 1
[1743166663423326060] 1
[1743166663424647112] 1
[1743166663424913322] 1
[1743166663425233366] 1
[1743166663440121643] 1
[1743166663440513521] 1
[1743166663440793565] 1
[1743166663441048650] 1
[1743166663441342110] 1
[1743166663441566112] 1
[1743166663441770488] 1
[1743166663441994698] 1
[1743166663442203450] 1
[1743166663442410368] 1
[1743166663442601536] 1
[1743166663444110714] 1
[1743166663444463508] 1
[1743166663444528259] 1
[1743166663444566634] 1
[1743166663444685593] 1
[1743166663657381790] 1
[1743166663657506625] 1
[1743166663657538958] 1
[1743166663657567042] 1
[1743166663657622959] 1
[1743166663657662376] 1
[1743166663657684126] 1
[1743166663657706668] 1
[1743166663657737543] 1
[1743166663657775710] 1
[1743166664743255240] 1
[1743166664743371033] 1
[1743166664743520450] 1
[1743166664743566784] 1
[1743166664743704702] 1
[1743166664743941912] 1
[1743166664743987246] 1
[1743166664744380498] 1
[1743166664744438166] 1
[1743166664744546166] 1
[1743166696067113379] 0 : Request cancelled by client due to FailedTimeout
[1743166696076062836] 0 : Request cancelled by client due to FailedTimeout
[1743166696086900935] 0 : Request cancelled by client due to FailedTimeout
[1743166696098715667] 0 : Request cancelled by client due to FailedTimeout
[1743166696109485390] 0 : Request cancelled by client due to FailedTimeout
[1743166696122939096] 0 : Request cancelled by client due to FailedTimeout
[1743166696135526794] 0 : Request cancelled by client due to FailedTimeout
[1743166696145529885] 0 : Request cancelled by client due to FailedTimeout
[1743166696157342743] 0 : Request cancelled by client due to FailedTimeout
[1743166696168516428] 0 : Request cancelled by client due to FailedTimeout
[1743166697080215570] 0 : Request cancelled by client due to FailedTimeout
[1743166697092135929] 0 : Request cancelled by client due to FailedTimeout
[1743166697102344230] 0 : Request cancelled by client due to FailedTimeout
[1743166697112994286] 0 : Request cancelled by client due to FailedTimeout
[1743166697135210698] 0 : Request cancelled by client due to FailedTimeout
[1743166697146324049] 0 : Request cancelled by client due to FailedTimeout
[1743166697157474151] 0 : Request cancelled by client due to FailedTimeout
[1743166697181825958] 0 : Request cancelled by client due to FailedTimeout
[1743166697217254740] 0 : Request cancelled by client due to FailedTimeout
[1743166697217363783] 0 : Request cancelled by client due to FailedTimeout
[1743166698117301562] 0 : Request cancelled by client due to FailedTimeout
[1743166698126364271] 0 : Request cancelled by client due to FailedTimeout
[1743166698137036827] 0 : Request cancelled by client due to FailedTimeout
[1743166698148480557] 0 : Request cancelled by client due to FailedTimeout
[1743166698158946362] 0 : Request cancelled by client due to FailedTimeout
[1743166698168968912] 0 : Request cancelled by client due to FailedTimeout
[1743166698179915221] 0 : Request cancelled by client due to FailedTimeout
[1743166698190181190] 0 : Request cancelled by client due to FailedTimeout
[1743166698200736870] 0 : Request cancelled by client due to FailedTimeout
[1743166698211596220] 0 : Request cancelled by client due to FailedTimeout
[1743166735745246711] 1
[1743166735745336545] 1
[1743166735745404504] 1
[1743166735844228103] 1
[1743166735904671472] 1
[1743166735904773389] 1
[1743166735904825889] 1
[1743166735904949099] 1
[1743166735918724128] 1
[1743166735939973885] 1
[1743166735992656565] 1
[1743166735992724149] 1
[1743166735992809358] 1
[1743166735992876025] 1
[1743166735993040652] 1
[1743166736013138900] 1
[1743166736013246984] 1
[1743166736013366943] 1
[1743166736013590612] 1
[1743166736013875031] 1
[1743166736013972990] 1
[1743166736084174942] 1
[1743166736092510927] 1
[1743166736092586761] 1
[1743166736092746304] 1
[1743166736104642610] 1
[1743166736118786268] 1
[1743166736118921644] 1
[1743166736119004895] 1
[1743166736119107354] 1
[1743166736119273939] 1
[1743166736119361898] 1
[1743166736119448232] 1
[1743166736119570816] 1
[1743166736119674359] 1
[1743166736119744609] 1
[1743166736119818027] 1
[1743166736119877902] 1
[1743166736120013528] 1
[1743166736120157613] 1
[1743166736120289489] 1
[1743166736120420198] 1
[1743166736120507574] 1
[1743166736120608200] 1
[1743166736120976328] 1
[1743166736199225762] 1
[1743166736199316722] 1
[1743166736199440056] 1
[1743166736199509223] 1
[1743166736199658974] 1
[1743166736199728558] 1
[1743166736199850226] 1
[1743166736199977935] 1
[1743166736200075269] 1
[1743166736200143228] 1
[1743166736200216604] 1
[1743166736200279771] 1
[1743166736200335438] 1
[1743166736200520231] 1
[1743166736200669983] 1
[1743166736209467472] 1
[1743166736209726515] 1
[1743166736209919725] 1
[1743166736210043101] 1
[1743166736210196311] 1
[1743166736210319604] 1
[1743166736210445188] 1
[1743166736210588147] 1
[1743166736210877150] 1
[1743166736211110777] 1
[1743166736211287737] 1
[1743166736211448613] 1
[1743166736211611239] 1
[1743166736211708782] 1
[1743166736211808991] 1
[1743166736212002201] 1
[1743166736212365662] 1
[1743166736212468705] 1
[1743166736212566205] 1
[1743166736212673623] 1
[1743166736212768790] 1
[1743166736212881708] 1
[1743166736212995167] 1
[1743166736213070085] 1
[1743166736213138460] 1
[1743166736213219044] 1
[1743166736213296045] 1
[1743166736214102968] 1
[1743166736214200011] 1
[1743166736214329262] 1
[1743166736257009987] 1
[1743166736257081280] 1
[1743166736257131322] 1
[1743166736257182405] 1
[1743166736257229781] 1
[1743166736258017621] 1
[1743166736258109121] 1
[1743166736258157080] 1
[1743166736258204580] 1
[1743166736258252706] 1
[1743166736828979771] 1
[1743166736829195440] 1
[1743166736835277531] 1
[1743166736835447366] 1
[1743166736838607475] 1
[1743166736838706935] 1
[1743166736838866478] 1
[1743166736839366107] 1
[1743166736852314088] 1
[1743166736852974760] 1
[1743166737208149939] 1
[1743166737208530942] 1
[1743166737208657527] 1
[1743166737208723819] 1
[1743166737208867403] 1
[1743166737208989238] 1
[1743166737209095572] 1
[1743166737209224906] 1
[1743166737209365741] 1
[1743166737209479200] 1
[1743166737209610034] 1
[1743166737209931037] 1
[1743166737210056330] 1
[1743166737210185998] 1
[1743166737210478542] 1
[1743166737210702585] 1
[1743166737211351174] 1
[1743166737211477883] 1
[1743166737211611343] 1
[1743166737211713802] 1
[1743166737211842886] 1
[1743166737211956429] 1
[1743166737212129930] 1
[1743166737212271640] 1
[1743166737238888443] 1
[1743166737239288780] 1
[1743166737239527073] 1
[1743166737239765492] 1
[1743166737239953244] 1
[1743166737240131245] 1
[1743166737240337663] 1
[1743166737240504415] 1
[1743166737240943168] 1
[1743166737241120295] 1
[1743166737241324380] 1
[1743166737241527090] 1
[1743166737241617132] 1
[1743166737241698341] 1
[1743166737241771050] 1
[1743166737241946302] 1
[1743166737242232429] 1
[1743166737242307430] 1
[1743166737243267063] 1
[1743166737243526065] 1
[1743166737243800150] 1
[1743166737244000860] 1
[1743166737244249237] 1
[1743166737244476364] 1
[1743166737244669991] 1
[1743166737244828242] 1
[1743166737258917234] 1
[1743166737258972068] 1
[1743166737259018276] 1
[1743166737259059152] 1
[1743166737259320487] 1
[1743166737259360904] 1
[1743166737259398363] 1
[1743166737259437530] 1
[1743166737259474572] 1
[1743166737260299995] 1
[1743166738208343134] 1
[1743166738208592552] 1
[1743166738208783721] 1
[1743166738208920930] 1
[1743166738209089265] 1
[1743166738209517518] 1
[1743166738209686853] 1
[1743166738210226149] 1
[1743166738210337942] 1
[1743166738227614169] 1
[1743166738227822129] 1
[1743166738227921505] 1
[1743166738228057423] 1
[1743166738228286799] 1
[1743166738228401175] 1
[1743166738228543427] 1
[1743166738228686303] 1
[1743166738228824346] 1
[1743166738228931138] 1
[1743166738229034389] 1
[1743166738229123181] 1
[1743166738229206099] 1
[1743166738229375809] 1
[1743166738229714811] 1
[1743166738230442817] 1
[1743166738230654569] 1
[1743166738230788237] 1
[1743166738230948905] 1
[1743166738231040447] 1
[1743166738231184657] 1
[1743166738261979080] 1
[1743166738262060997] 1
[1743166738262102081] 1
[1743166738262143831] 1
[1743166738262182415] 1
[1743166738262223457] 1
[1743166738262263832] 1
[1743166738262305499] 1
[1743166738263161839] 1
[1743166738263236298] 1
[1743166738824281088] 1
[1743166738824420131] 1
[1743166738824561174] 1
[1743166739251370609] 1
[1743166739251532902] 1
[1743166739252041364] 1
[1743166739252221616] 1
[1743166739252375159] 1
[1743166739252765454] 1
[1743166739253014539] 1
[1743166739253290625] 1
[1743166739253395459] 1
[1743166739253491418] 1
[1743166739253593836] 1
[1743166739253690420] 1
[1743166739253788004] 1
[1743166739254012173] 1
[1743166739254193841] 1
[1743166739254308633] 1
[1743166739254441843] 1
[1743166739254566469] 1
[1743166739254704428] 1
[1743166739254826513] 1
[1743166739254989931] 1
[1743166739255161349] 1
[1743166739255477476] 1
[1743166739275772438] 1
[1743166739276055857] 1
[1743166739276333359] 1
[1743166739276587820] 1
[1743166739276794613] 1
[1743166739277114824] 1
[1743166739277324909] 1
[1743166739277524286] 1
[1743166739277769288] 1
[1743166739278099624] 1
[1743166739278420418] 1
[1743166739278649545] 1
[1743166739278739713] 1
[1743166739278810297] 1
[1743166739279583428] 1
[1743166739279639345] 1
[1743166739279677179] 1
[1743166739279712679] 1
[1743166739279745096] 1
[1743166739279785013] 1
[1743166739279828180] 1
[1743166739279863180] 1
[1743166739279897056] 1
[1743166739279930473] 1
[1743166739280578228] 1
[1743166739280680312] 1
[1743166739280753063] 1
[1743166739280859439] 1
[1743166739281168275] 1
[1743166739281416402] 1
[1743166739281633612] 1
[1743166739281863614] 1
[1743166739282096032] 1
[1743166739282303284] 1
[1743166739845669453] 1
[1743166739845995372] 1
[1743166739846191790] 1
[1743166740136512266] 1
[1743166740136728601] 1
[1743166740136928352] 1
[1743166740137160563] 1
[1743166740137516941] 1
[1743166740137751984] 1
[1743166740137930319] 1
[1743166740149696376] 1
[1743166740149861003] 1
[1743166740150066713] 1
[1743166740150181214] 1
[1743166740150302673] 1
[1743166740150597842] 1
[1743166740151095888] 1
[1743166740151276598] 1
[1743166740151431266] 1
[1743166740151648434] 1
[1743166740282450951] 1
[1743166740283112915] 1
[1743166740283270124] 1
[1743166740283329708] 1
[1743166740283385625] 1
[1743166740283444626] 1
[1743166740283497793] 1
[1743166740283588294] 1
[1743166740283651586] 1
[1743166740283705253] 1
[1743166740871383902] 1
[1743166740871786780] 1
[1743166740883290085] 1
[1743166740883966008] 1
[1743166741243827086] 1
[1743166741244008004] 1
[1743166741244172838] 1
[1743166741244285464] 1
[1743166741244371007] 1
[1743166741244459383] 1
[1743166741244728676] 1
[1743166741244882136] 1
[1743166741245130055] 1
[1743166741245300640] 1
[1743166741245439391] 1
[1743166741245651934] 1
[1743166741245829311] 1
[1743166741245954312] 1
[1743166741246072063] 1
[1743166741246198064] 1
[1743166741246324148] 1
[1743166741259788345] 1
[1743166741260116932] 1
[1743166741260374434] 1
[1743166741260578519] 1
[1743166741261015481] 1
[1743166741261251524] 1
[1743166741261529568] 1
[1743166741261749612] 1
[1743166741261941364] 1
[1743166741262198407] 1
[1743166741262472660] 1
[1743166741262783412] 1
[1743166741262971872] 1
[1743166741263266667] 1
[1743166741263572669] 1
[1743166741263985631] 1
[1743166741264350676] 1
[1743166741264955972] 1
[1743166741265249725] 1
[1743166741285145601] 1
[1743166741285197435] 1
[1743166741285231144] 1
[1743166741285269311] 1
[1743166741285603355] 1
[1743166741285641481] 1
[1743166741285682314] 1
[1743166741285713731] 1
[1743166741285743815] 1
[1743166741285774232] 1
[1743166741920636973] 1
[1743166741920894683] 1
[1743166741927141486] 1
[1743166741928114328] 1
[1743166741928420914] 1
[1743166742182187483] 1
[1743166742182369110] 1
[1743166742182556945] 1
[1743166742182723071] 1
[1743166742183000532] 1
[1743166742183159158] 1
[1743166742183386243] 1
[1743166742183674496] 1
[1743166742183842622] 1
[1743166742184074999] 1
[1743166742184289626] 1
[1743166742184425169] 1
[1743166742184621170] 1
[1743166742184762588] 1
[1743166742184917340] 1
[1743166742287752880] 1
[1743166742287852339] 1
[1743166742287901298] 1
[1743166742287952715] 1
[1743166742287996924] 1
[1743166742288045049] 1
[1743166742289049266] 1
[1743166742289133933] 1
[1743166742289186142] 1
[1743166742289229851] 1
[1743166742927753860] 1
[1743166742928060112] 1
[1743166742940726428] 1
[1743166742941011681] 1
[1743166742941176349] 1
[1743166742941323267] 1
[1743166743282164467] 1
[1743166743282744180] 1
[1743166743282903723] 1
[1743166743283117433] 1
[1743166743283220809] 1
[1743166743283312393] 1
[1743166743283640729] 1
[1743166743283748772] 1
[1743166743283841814] 1
[1743166743283929857] 1
[1743166743284018524] 1
[1743166743284096233] 1
[1743166743284575987] 1
[1743166743284757114] 1
[1743166743284900698] 1
[1743166743285053991] 1
[1743166743302651767] 1
[1743166743302963978] 1
[1743166743303180896] 1
[1743166743303417815] 1
[1743166743303733693] 1
[1743166743303973486] 1
[1743166743304180780] 1
[1743166743304474116] 1
[1743166743304724201] 1
[1743166743305178330] 1
[1743166743305376498] 1
[1743166743305809627] 1
[1743166743305841586] 1
[1743166743305871752] 1
[1743166743305899503] 1
[1743166743305926711] 1
[1743166743305977087] 1
[1743166743306004462] 1
[1743166743306030045] 1
[1743166743306056129] 1
[1743166743306081879] 1
[1743166743306142005] 1
[1743166743306397049] 1
[1743166743307626601] 1
[1743166743307915520] 1
[1743166743308157814] 1
[1743166743308369024] 1
[1743166743308576234] 1
[1743166743963432994] 1
[1743166743963705246] 1
[1743166743972624905] 1
[1743166743972873158] 1
[1743166743973830374] 1
[1743166743973992167] 1
[1743166743974169877] 1
[1743166744165937522] 1
[1743166744166286983] 1
[1743166744166720612] 1
[1743166744309345586] 1
[1743166744309641964] 1
[1743166744309817465] 1
[1743166744309968883] 1
[1743166744310130968] 1
[1743166744310296136] 1
[1743166744313977168] 1
[1743166744314362754] 1
[1743166744314542464] 1
[1743166744314665507] 1
[1743166744991110605] 1
[1743166744991503900] 1
[1743166745000392393] 1
[1743166745000591270] 1
[1743166745001662654] 1
[1743166745001865489] 1
[1743166745002081158] 1
[1743166745270764975] 1
[1743166745271500482] 1
[1743166745271880818] 1
[1743166745272139820] 1
[1743166745272366739] 1
[1743166745272606408] 1
[1743166745272830368] 1
[1743166745273066537] 1
[1743166745273263705] 1
[1743166745273457207] 1
[1743166745273593416] 1
[1743166745285435060] 1
[1743166745285741271] 1
[1743166745286009273] 1
[1743166745286226984] 1
[1743166745286447111] 1
[1743166745286659987] 1
[1743166745287171450] 1
[1743166745287582287] 1
[1743166745288466961] 1
[1743166745288708630] 1
[1743166745288991591] 1
[1743166745289193218] 1
[1743166745315897698] 1
[1743166745315941657] 1
[1743166745315974199] 1
[1743166745316001074] 1
[1743166745316029116] 1
[1743166745316060658] 1
[1743166745316084491] 1
[1743166745316107783] 1
[1743166745316131325] 1
[1743166745316793539] 1
[1743166746036262080] 1
[1743166746036543333] 1
[1743166746048193225] 1
[1743166746048381310] 1
[1743166746049668113] 1
[1743166746049897323] 1
[1743166746050054283] 1
[1743166746050184326] 1
[1743166746204693124] 1
[1743166746205418255] 1
[1743166746319101782] 1
[1743166746319248617] 1
[1743166746319315659] 1
[1743166746319388285] 1
[1743166746319457577] 1
[1743166746319523994] 1
[1743166746319636453] 1
[1743166746319708287] 1
[1743166746319767996] 1
[1743166746319830080] 1
[1743166747084551046] 1
[1743166747084973299] 1
[1743166747085203510] 1
[1743166747085580555] 1
[1743166747085747098] 1
[1743166747101890572] 1
[1743166747102102490] 1
[1743166747102294075] 1
[1743166747102429451] 1
[1743166747322291283] 1
[1743166747322341450] 1
[1743166747322368575] 1
[1743166747322391992] 1
[1743166747322441409] 1
[1743166747322470034] 1
[1743166747322497701] 1
[1743166747322523493] 1
[1743166747322549118] 1
[1743166747322572785] 1
[1743166747322665078] 1
[1743166747323020914] 1
[1743166747324096257] 1
[1743166747324361926] 1
[1743166747324594428] 1
[1743166747324805138] 1
[1743166747325033557] 1
[1743166747325247267] 1
[1743166747325461061] 1
[1743166747325639895] 1
[1743166747332906292] 1
[1743166747333484839] 1
[1743166747333750841] 1
[1743166747333967051] 1
[1743166747334146053] 1
[1743166747334375430] 1
[1743166747334687808] 1
[1743166747334746308] 1
[1743166747334843934] 1
[1743166747335918610] 1
[1743166747336171737] 1
[1743166748115322861] 1
[1743166748115622405] 1
[1743166748115831532] 1
[1743166748115962158] 1
[1743166748122226755] 1
[1743166748122425840] 1
[1743166748122607800] 1
[1743166748122810052] 1
[1743166748123772393] 1
[1743166748124074813] 1
[1743166748325041446] 1
[1743166748325173072] 1
[1743166748325222781] 1
[1743166748325272157] 1
[1743166748325331115] 1
[1743166748325385783] 1
[1743166748325471075] 1
[1743166748326927546] 1
[1743166748327050880] 1
[1743166748327136131] 1
[1743166749135094165] 1
[1743166749135356459] 1
[1743166749135541669] 1
[1743166749135721420] 1
[1743166749136333384] 1
[1743166749136487594] 1
[1743166749136654137] 1
[1743166749136784971] 1
[1743166749136930931] 1
[1743166749137060849] 1
[1743166749333349407] 1
[1743166749333385408] 1
[1743166749333450283] 1
[1743166749333483408] 1
[1743166749333795411] 1
[1743166749333817703] 1
[1743166749333836995] 1
[1743166749333855037] 1
[1743166749333885079] 1
[1743166749333904329] 1
[1743166749355546352] 1
[1743166749355673645] 1
[1743166749355793105] 1
[1743166749355893230] 1
[1743166749355971648] 1
[1743166749356052607] 1
[1743166749356095232] 1
[1743166749356298692] 1
[1743166749356345443] 1
[1743166749368440299] 1
[1743166749368507341] 1
[1743166749368550717] 1
[1743166749368623592] 1
[1743166749368915053] 1
[1743166749368963137] 1
[1743166749369001804] 1
[1743166749372867463] 1
[1743166749373123965] 1
[1743166749373235758] 1
[1743166749373696512] 1
[1743166750133015442] 1
[1743166750133546446] 1
[1743166750133928783] 1
[1743166750134421704] 1
[1743166750153860751] 1
[1743166750154190045] 1
[1743166750154441006] 1
[1743166750154600674] 1
[1743166750154740508] 1
[1743166750154875926] 1
[1743166750335838857] 1
[1743166750335959692] 1
[1743166750336002817] 1
[1743166750336259986] 1
[1743166750336311653] 1
[1743166750336352737] 1
[1743166750336392446] 1
[1743166750336461863] 1
[1743166750336570780] 1
[1743166750336616573] 1
[1743166751191368918] 1
[1743166751191745713] 1
[1743166751192029174] 1
[1743166751192212801] 1
[1743166751192466012] 1
[1743166751192694264] 1
[1743166751192875057] 1
[1743166751193028725] 1
[1743166751193223018] 1
[1743166751193364145] 1
[1743166751353315980] 1
[1743166751353353772] 1
[1743166751353380355] 1
[1743166751353397939] 1
[1743166751353417606] 1
[1743166751353446981] 1
[1743166751353464606] 1
[1743166751353481648] 1
[1743166751353503606] 1
[1743166751353521523] 1
[1743166751404326765] 1
[1743166751404702227] 1
[1743166751405132356] 1
[1743166751405390233] 1
[1743166751405630902] 1
[1743166751405850196] 1
[1743166751406071614] 1
[1743166751406296908] 1
[1743166751406515285] 1
[1743166751415737867] 1
[1743166751416217662] 1
[1743166751416505665] 1
[1743166751416755334] 1
[1743166751416993544] 1
[1743166751417222880] 1
[1743166751417460799] 1
[1743166751418013887] 1
[1743166751419005562] 1
[1743166751419300023] 1
[1743166751419622859] 1
[1743166752443333246] 1
[1743166752443417789] 1
[1743166752443507623] 1
[1743166752443794625] 1
[1743166752450023348] 1
[1743166752450099765] 1
[1743166752450264016] 1
[1743166752450423768] 1
[1743166752450933189] 1
[1743166752451112607] 1
[1743166753531285372] 1
[1743166753532051879] 1
[1743166753532453716] 1
[1743166753532747635] 1
[1743166753532793094] 1
[1743166753532862595] 1
[1743166753532921762] 1
[1743166753533030096] 1
[1743166753533196639] 1
[1743166753533264182] 1
[1743166753533316641] 1
[1743166753533440850] 1
[1743166753533657310] 1
[1743166753533735478] 1
[1743166753534072314] 1
[1743166753534356233] 1
[1743166753543890402] 1
[1743166753544360114] 1
[1743166753544702409] 1
[1743166753545065204] 1
[1743166753545348248] 1
[1743166753545667626] 1
[1743166753545954920] 1
[1743166753546183922] 1
[1743166753546442716] 1
[1743166753546659302] 1
[1743166753546993680] 1
[1743166753548058939] 1
[1743166753548395650] 1
[1743166753548458151] 1
[1743166754478286318] 1
[1743166754478353860] 1
[1743166754478461361] 1
[1743166754478542195] 1
[1743166754478795364] 1
[1743166754479008950] 1
[1743166754479092700] 1
[1743166754479275160] 1
[1743166754479328286] 1
[1743166754479689164] 1
[1743166755484231828] 1
[1743166755484302745] 1
[1743166755484347787] 1
[1743166755484398496] 1
[1743166755484524372] 1
[1743166755487379815] 1
[1743166755487433524] 1
[1743166755487594692] 1
[1743166755487658609] 1
[1743166755488446449] 1
[1743166764928998215] 0 : Request cancelled by client due to FailedTimeout
[1743166764938477150] 0 : Request cancelled by client due to FailedTimeout
[1743166764949359803] 0 : Request cancelled by client due to FailedTimeout
[1743166764959494367] 0 : Request cancelled by client due to FailedTimeout
[1743166764971015316] 0 : Request cancelled by client due to FailedTimeout
[1743166764981464966] 0 : Request cancelled by client due to FailedTimeout
[1743166764992158492] 0 : Request cancelled by client due to FailedTimeout
[1743166765002583850] 0 : Request cancelled by client due to FailedTimeout
[1743166765012859666] 0 : Request cancelled by client due to FailedTimeout
[1743166765025024036] 0 : Request cancelled by client due to FailedTimeout
[1743166765937458407] 0 : Request cancelled by client due to FailedTimeout
[1743166765947774723] 0 : Request cancelled by client due to FailedTimeout
[1743166765959874926] 0 : Request cancelled by client due to FailedTimeout
[1743166765969560989] 0 : Request cancelled by client due to FailedTimeout
[1743166765981500357] 0 : Request cancelled by client due to FailedTimeout
[1743166765993406600] 0 : Request cancelled by client due to FailedTimeout
[1743166766003115871] 0 : Request cancelled by client due to FailedTimeout
[1743166766013068186] 0 : Request cancelled by client due to FailedTimeout
[1743166766024590428] 0 : Request cancelled by client due to FailedTimeout
[1743166766036467630] 0 : Request cancelled by client due to FailedTimeout
[1743166766949289152] 0 : Request cancelled by client due to FailedTimeout
[1743166766970427956] 0 : Request cancelled by client due to FailedTimeout
[1743166766970564374] 0 : Request cancelled by client due to FailedTimeout
[1743166766982093949] 0 : Request cancelled by client due to FailedTimeout
[1743166766993757858] 0 : Request cancelled by client due to FailedTimeout
[1743166767007033486] 0 : Request cancelled by client due to FailedTimeout
[1743166767017694223] 0 : Request cancelled by client due to FailedTimeout
[1743166767027975749] 0 : Request cancelled by client due to FailedTimeout
[1743166767039799452] 0 : Request cancelled by client due to FailedTimeout
[1743166767050135061] 0 : Request cancelled by client due to FailedTimeout
[1743166786138180530] 0 : Request cancelled by client due to FailedTimeout
[1743166786148438318] 0 : Request cancelled by client due to FailedTimeout
[1743166786159115025] 0 : Request cancelled by client due to FailedTimeout
[1743166786170088485] 0 : Request cancelled by client due to FailedTimeout
[1743166786180310147] 0 : Request cancelled by client due to FailedTimeout
[1743166786192162489] 0 : Request cancelled by client due to FailedTimeout
[1743166786202766738] 0 : Request cancelled by client due to FailedTimeout
[1743166786213562946] 0 : Request cancelled by client due to FailedTimeout
[1743166786224093194] 0 : Request cancelled by client due to FailedTimeout
[1743166786235639658] 0 : Request cancelled by client due to FailedTimeout
[1743166787147343207] 0 : Request cancelled by client due to FailedTimeout
[1743166787156657863] 0 : Request cancelled by client due to FailedTimeout
[1743166787169177627] 0 : Request cancelled by client due to FailedTimeout
[1743166787178041571] 0 : Request cancelled by client due to FailedTimeout
[1743166787188599278] 0 : Request cancelled by client due to FailedTimeout
[1743166787200079700] 0 : Request cancelled by client due to FailedTimeout
[1743166787210404739] 0 : Request cancelled by client due to FailedTimeout
[1743166787221681910] 0 : Request cancelled by client due to FailedTimeout
[1743166787233210750] 0 : Request cancelled by client due to FailedTimeout
[1743166787242927034] 0 : Request cancelled by client due to FailedTimeout
[1743166788156387435] 0 : Request cancelled by client due to FailedTimeout
[1743166788165406506] 0 : Request cancelled by client due to FailedTimeout
[1743166788176712511] 0 : Request cancelled by client due to FailedTimeout
[1743166788186441004] 0 : Request cancelled by client due to FailedTimeout
[1743166788197699050] 0 : Request cancelled by client due to FailedTimeout
[1743166788209628810] 0 : Request cancelled by client due to FailedTimeout
[1743166788219484554] 0 : Request cancelled by client due to FailedTimeout
[1743166788230638391] 0 : Request cancelled by client due to FailedTimeout
[1743166788241584185] 0 : Request cancelled by client due to FailedTimeout
[1743166788252075601] 0 : Request cancelled by client due to FailedTimeout
[1743166789164553166] 0 : Request cancelled by client due to FailedTimeout
[1743166789174578870] 0 : Request cancelled by client due to FailedTimeout
[1743166789184700074] 0 : Request cancelled by client due to FailedTimeout
[1743166789194253566] 0 : Request cancelled by client due to FailedTimeout
[1743166789205734823] 0 : Request cancelled by client due to FailedTimeout
[1743166789216219573] 0 : Request cancelled by client due to FailedTimeout
[1743166789227175576] 0 : Request cancelled by client due to FailedTimeout
[1743166789237660492] 0 : Request cancelled by client due to FailedTimeout
[1743166789249407084] 0 : Request cancelled by client due to FailedTimeout
[1743166789259383413] 0 : Request cancelled by client due to FailedTimeout
[1743166790174415502] 0 : Request cancelled by client due to FailedTimeout
[1743166790182552191] 0 : Request cancelled by client due to FailedTimeout
[1743166790192949316] 0 : Request cancelled by client due to FailedTimeout
[1743166790204282989] 0 : Request cancelled by client due to FailedTimeout
[1743166790215119491] 0 : Request cancelled by client due to FailedTimeout
[1743166790225726409] 0 : Request cancelled by client due to FailedTimeout
[1743166790237098749] 0 : Request cancelled by client due to FailedTimeout
[1743166790248006793] 0 : Request cancelled by client due to FailedTimeout
[1743166790259526593] 0 : Request cancelled by client due to FailedTimeout
[1743166790270352471] 0 : Request cancelled by client due to FailedTimeout
[1743166791183059170] 0 : Request cancelled by client due to FailedTimeout
[1743166791202431741] 0 : Request cancelled by client due to FailedTimeout
[1743166791213169202] 0 : Request cancelled by client due to FailedTimeout
[1743166791224034622] 0 : Request cancelled by client due to FailedTimeout
[1743166791235547880] 0 : Request cancelled by client due to FailedTimeout
[1743166791244609286] 0 : Request cancelled by client due to FailedTimeout
[1743166791256048044] 0 : Request cancelled by client due to FailedTimeout
[1743166791267277883] 0 : Request cancelled by client due to FailedTimeout
[1743166791278433014] 0 : Request cancelled by client due to FailedTimeout
[1743166791288701846] 0 : Request cancelled by client due to FailedTimeout
[1743166792202409223] 0 : Request cancelled by client due to FailedTimeout
[1743166792211010709] 0 : Request cancelled by client due to FailedTimeout
[1743166792222727469] 0 : Request cancelled by client due to FailedTimeout
[1743166792233698266] 0 : Request cancelled by client due to FailedTimeout
[1743166792244122933] 0 : Request cancelled by client due to FailedTimeout
[1743166792255926111] 0 : Request cancelled by client due to FailedTimeout
[1743166792266380236] 0 : Request cancelled by client due to FailedTimeout
[1743166792276816986] 0 : Request cancelled by client due to FailedTimeout
[1743166792287590990] 0 : Request cancelled by client due to FailedTimeout
[1743166792297904614] 0 : Request cancelled by client due to FailedTimeout
[1743166793212056538] 0 : Request cancelled by client due to FailedTimeout
[1743166793221174779] 0 : Request cancelled by client due to FailedTimeout
[1743166793231669238] 0 : Request cancelled by client due to FailedTimeout
[1743166793242477034] 0 : Request cancelled by client due to FailedTimeout
[1743166793253735416] 0 : Request cancelled by client due to FailedTimeout
[1743166793264069500] 0 : Request cancelled by client due to FailedTimeout
[1743166793275982179] 0 : Request cancelled by client due to FailedTimeout
[1743166793287014851] 0 : Request cancelled by client due to FailedTimeout
[1743166793297880647] 0 : Request cancelled by client due to FailedTimeout
[1743166793308220897] 0 : Request cancelled by client due to FailedTimeout
[1743166794220333932] 0 : Request cancelled by client due to FailedTimeout
[1743166794229772550] 0 : Request cancelled by client due to FailedTimeout
[1743166794240464304] 0 : Request cancelled by client due to FailedTimeout
[1743166794250764012] 0 : Request cancelled by client due to FailedTimeout
[1743166794262969445] 0 : Request cancelled by client due to FailedTimeout
[1743166794274203994] 0 : Request cancelled by client due to FailedTimeout
[1743166794284454619] 0 : Request cancelled by client due to FailedTimeout
[1743166794295639918] 0 : Request cancelled by client due to FailedTimeout
[1743166794306346963] 0 : Request cancelled by client due to FailedTimeout
[1743166794316192126] 0 : Request cancelled by client due to FailedTimeout
[1743166795229092584] 0 : Request cancelled by client due to FailedTimeout
[1743166795243475327] 0 : Request cancelled by client due to FailedTimeout
[1743166795250340466] 0 : Request cancelled by client due to FailedTimeout
[1743166795260415548] 0 : Request cancelled by client due to FailedTimeout
[1743166795271700182] 0 : Request cancelled by client due to FailedTimeout
[1743166795282799314] 0 : Request cancelled by client due to FailedTimeout
[1743166795293762570] 0 : Request cancelled by client due to FailedTimeout
[1743166795305252372] 0 : Request cancelled by client due to FailedTimeout
[1743166795315882001] 0 : Request cancelled by client due to FailedTimeout
[1743166795325327453] 0 : Request cancelled by client due to FailedTimeout
[1743166796237179444] 0 : Request cancelled by client due to FailedTimeout
[1743166796247385319] 0 : Request cancelled by client due to FailedTimeout
[1743166796258353701] 0 : Request cancelled by client due to FailedTimeout
[1743166796269292874] 0 : Request cancelled by client due to FailedTimeout
[1743166796279271206] 0 : Request cancelled by client due to FailedTimeout
[1743166796290137503] 0 : Request cancelled by client due to FailedTimeout
[1743166796300804424] 0 : Request cancelled by client due to FailedTimeout
[1743166796311606388] 0 : Request cancelled by client due to FailedTimeout
[1743166796322582978] 0 : Request cancelled by client due to FailedTimeout
[1743166796332311224] 0 : Request cancelled by client due to FailedTimeout
[1743166797244276090] 0 : Request cancelled by client due to FailedTimeout
[1743166797254361299] 0 : Request cancelled by client due to FailedTimeout
[1743166797265339889] 0 : Request cancelled by client due to FailedTimeout
[1743166797277290363] 0 : Request cancelled by client due to FailedTimeout
[1743166797287014360] 0 : Request cancelled by client due to FailedTimeout
[1743166797298907624] 0 : Request cancelled by client due to FailedTimeout
[1743166797309645879] 0 : Request cancelled by client due to FailedTimeout
[1743166797320273675] 0 : Request cancelled by client due to FailedTimeout
[1743166797331084223] 0 : Request cancelled by client due to FailedTimeout
[1743166797342894654] 0 : Request cancelled by client due to FailedTimeout
[1743166798253397631] 0 : Request cancelled by client due to FailedTimeout
[1743166798263752467] 0 : Request cancelled by client due to FailedTimeout
[1743166798273638424] 0 : Request cancelled by client due to FailedTimeout
[1743166798284376263] 0 : Request cancelled by client due to FailedTimeout
[1743166798295706024] 0 : Request cancelled by client due to FailedTimeout
[1743166798305695607] 0 : Request cancelled by client due to FailedTimeout
[1743166798316319986] 0 : Request cancelled by client due to FailedTimeout
[1743166798327660830] 0 : Request cancelled by client due to FailedTimeout
[1743166798337287452] 0 : Request cancelled by client due to FailedTimeout
[1743166798348115750] 0 : Request cancelled by client due to FailedTimeout
[1743166799260828369] 0 : Request cancelled by client due to FailedTimeout
[1743166799269986029] 0 : Request cancelled by client due to FailedTimeout
[1743166799280961453] 0 : Request cancelled by client due to FailedTimeout
[1743166799292012754] 0 : Request cancelled by client due to FailedTimeout
[1743166799303028262] 0 : Request cancelled by client due to FailedTimeout
[1743166799313908811] 0 : Request cancelled by client due to FailedTimeout
[1743166799324065354] 0 : Request cancelled by client due to FailedTimeout
[1743166799335016654] 0 : Request cancelled by client due to FailedTimeout
[1743166799346012620] 0 : Request cancelled by client due to FailedTimeout
[1743166799356147288] 0 : Request cancelled by client due to FailedTimeout
